-16.724420
-19.637411
-15.209030
-16.106639
-18.577129
-15.205327
-17.337926
-18.178016
-17.155161
-15.813884
-16.725973
-16.106639
-17.726519
-18.148774
-16.106639
-15.640230
-14.960722
-17.154727
-16.106639
-16.106639
-16.106639
-17.155176
-16.726130
-16.106639
-16.106639
-18.203110
-16.106639
-15.224294
-15.027396
-19.741508
-17.155179
-19.743745
-18.822529
-17.328167
-16.106639
-18.950621
-16.725973
-16.106639
-16.106639
-18.092586
-17.475795
-17.529873
-17.524710
-17.253951
-17.529782
-17.524710
-17.529782
-17.528804
-17.529880
-17.529878
-17.253951
-17.518749
-17.529861
-17.253951
-17.529836
-17.527567
-17.253951
-17.529878
-17.529400
-17.529836
-17.524710
-17.410419
-17.529836
-17.529878
-17.475795
-17.529878
-17.529873
-17.529880
-17.529861
-17.529880
-17.410419
-17.529861
-17.475795
-17.527567
-17.518749
-17.529878
-17.253951
-17.518749
-17.529836
-17.410419
-17.505052
-17.529873
-16.948151
-17.253951
-17.529782
-17.505052
-17.410419
-17.475795
