-18.796885
-19.688226
-21.359312
-18.570190
-21.207644
-25.075584
-22.161710
-22.242783
-17.164683
-21.722764
-21.085618
-19.998247
-19.769593
-20.225139
-21.148544
-18.826578
-22.176515
-27.001375
-24.562934
-16.824299
-16.440024
-19.897954
-19.728559
-19.165659
-17.468114
-22.132659
-15.409947
-18.849462
-19.236780
-23.596079
-16.594404
-25.772378
-20.088042
-21.144606
-23.929055
-21.565904
-18.240614
-20.498316
-19.868055
-19.365598
-21.786648
-19.274562
-21.052776
-19.629443
-15.962726
-15.839131
-17.523931
-22.428969
-16.102384
-19.551793
-18.283848
-23.121902
-21.466308
-18.083634
-19.721106
-17.780476
-17.731439
-18.728662
-16.258603
-18.611590
-16.990629
-25.172806
-18.127575
-20.881932
-24.586636
-16.512493
-25.155796
-19.815526
-29.471412
-24.691735
-19.107446
-18.868091
-20.729286
-19.684226
-20.676625
-27.676607
-17.467617
-16.649628
-13.998442
-20.080782
-22.197794
-19.849655
-17.319547
-20.651392
-17.078251
-24.558034
-19.602943
-22.135261
-19.822805
-17.371662
-20.575315
-15.993178
-22.747434
-21.045950
-18.492958
-23.068370
-22.515666
-20.698665
-17.231992
-18.611524
-75.039994
-44.666748
-90.629219
-82.117240
-118.225182
-93.575264
-134.725223
-104.716045
-66.531681
-129.348260
-82.069663
-71.040395
-76.314388
-70.354316
-118.953286
-36.938101
-103.870643
-143.597363
-85.887784
-72.426570
-69.853823
-140.615278
-57.895836
-61.451663
-60.200481
